6 652134
8 18375426
9 976853214
6 153462
8 45631782
3 123
4 3412
9 962134857
9 352791486
5 21435
9 867359124
6 162345
3 213
5 34251
4 2143
9 765319482
9 568293714
4 4231
5 23514
7 2671543
8 73154862
6 524316
7 7163524
6 643512
7 1524376
6 625413
4 4312
4 4312
4 4123
8 38574261
6 453162
8 14875236
3 321
6 351426
4 4312
6 251346
9 683971254
3 321
5 54231
9 216793584
6 215364
8 74236815
3 231
4 2143
6 123564
5 31254
4 4123
9 968327415
4 3142
6 143526
3 123
8 63142875
6 254163
5 34251
9 527819436
4 3412
8 83574162
3 312
7 7465213
8 35467182
6 436152
5 23451
4 2413
4 1324
8 47613582
3 231
9 946723518
6 263154
8 35847126
3 123
6 326415
5 32145
8 65814237
4 1423
8 86473215
3 321
5 31245
8 16278435
7 3742516
8 75412683
9 149258376
3 123
6 514326
9 456321987
3 213
6 514362
9 653921478
3 231
9 896137254
6 254136
3 132
7 1475236
6 534612
4 1324
4 2134
9 372951864
8 21463857
4 3142
9 816543927
3 213
4 4132
3 312
5 23514
6 643512
5 35142
7 6752431
9 148952376
3 213
8 18547623
6 426153
6 531642
3 123
4 2413
7 1643752
9 952471836
5 52314
7 6542731
3 213
7 5462731
9 517864923
9 375918264
8 38514762
4 3241
3 321
4 1432
9 216873594
6 462153
4 1432
8 35842167
3 312
6 132564
6 162345
7 4231675
9 157236984
9 581439276
7 4675231
7 5264371
5 43152
9 256739481
4 4321
7 1564327
3 213
9 865291473
9 164923785
9 286794153
8 52867431
7 3217546
9 513926874
5 43521
3 312
