3 231
5 54213
9 253916874
7 3216574
8 82761453
9 719683425
9 156392784
9 649732815
3 213
7 1654237
4 4321
9 915723486
5 35214
7 7254136
7 7561423
9 375419826
9 145926387
7 4231756
6 134562
6 132645
3 231
8 65142783
4 1432
6 436152
9 216973548
4 1432
3 321
4 4213
8 48153762
9 571938264
9 289615347
7 7462135
3 213
7 7463215
5 42351
9 638429571
7 1743625
4 3142
3 123
6 362514
6 426153
8 17843652
3 213
9 167259834
7 7465312
5 35142
6 563241
5 41253
3 231
4 2431
3 213
9 286543917
4 2413
8 21537486
9 631958274
4 2134
4 1324
6 562314
7 1562473
3 132
6 415326
9 475983612
3 312
9 653721894
6 264315
3 213
9 654123987
6 254316
3 123
9 147259863
8 45832617
7 6413572
8 13768245
5 23145
3 321
8 76538241
4 1342
8 46752183
5 32145
6 521463
3 123
8 67142853
6 413652
9 856273491
3 312
8 48516327
4 1324
4 3142
5 51234
6 462153
8 68132457
7 6572431
3 231
8 68253741
4 3412
9 528719346
5 53124
6 416325
8 35248176
3 123
6 153246
4 2413
9 854792631
4 2341
5 23154
6 123645
4 2143
3 312
8 73428516
6 214635
9 216973485
5 53421
3 321
9 673981524
6 314526
4 3421
6 351426
3 321
8 16725843
6 463125
8 86153742
4 2341
4 3421
4 3421
6 526431
7 1354276
6 563241
7 2647531
6 524316
8 38254716
7 4176523
5 41253
4 4231
9 846912735
9 594732186
4 2143
5 53124
3 213
6 134562
9 784952316
5 21435
9 631729485
9 435682971
4 3412
3 123
8 58412367
6 163425
9 876953241
8 17365842
6 435621
